API                        n    avg (MB)    max (MB)     avg elems     max elems
--------------------------------------------------------------------------------
torch.abs                175      2.9775     20.0844       542,654     1,866,240
torch.acos               632      2.9969     19.6963       494,426     1,847,042
torch.add_1                5     11.9332     14.4839     1,444,084     1,771,875
torch.add_2              309      2.5776     14.8160       406,816     1,847,042
torch.diag                45      1.3126      7.3909       313,153       926,497
torch.floor              941      2.8387     13.1632       513,041     1,847,042
torch.gt_1                 1      4.5614      4.5614     1,594,323     1,594,323
torch.gt_2              1884      1.9632     18.1464       501,633     1,847,042
torch.i0                 875      2.7443     17.3807       508,352     1,847,042
torch.le                 760      1.9361     14.1398       462,151     1,847,043
torch.le_2              1886      1.9621     18.1464       501,601     1,847,042
torch.lu_solve             2      0.0252      0.0464         1,816         3,080
torch.mm                 107      1.3352     10.5315       272,148       932,639
torch.nn.AvgPool2d_5      62      1.8258      7.0459       348,735       923,521
torch.nn.AvgPool2d_6      81      1.5816      7.0459       299,123       923,521
torch.nn.AvgPool2d_8      41      2.1503      7.4084       391,401       971,040
