API                        n    avg (MB)    max (MB)     avg elems     max elems
--------------------------------------------------------------------------------
torch.abs                995  43574.8883  7514147.4375  6,121,132,345  492,447,166,464
torch.acos              4593  32195.6294  4244659.4532  5,331,580,271  443,507,268,944
torch.add_1               27  261258.5675  2007899.9003  42,953,680,330  331,764,974,024
torch.add_2             2414  18715.4726  1604841.0193  3,298,024,068  218,228,082,072
torch.diag               228   5366.1287  402581.4375  1,877,235,771  105,534,308,344
torch.eye                  3  12514.1490  37542.4321  13,122,036,315  39,366,093,312
torch.floor             9881  29246.8755  3383691.9323  5,233,338,449  443,507,268,944
torch.gt_1                61  65600.8314  738585.8232  17,200,652,448  346,222,821,012
torch.gt_2              7052  20508.9841  3718192.3651  5,239,893,673  487,351,046,700
torch.i0                2660  28621.2047  4086770.7008  5,230,150,017  535,661,209,292
torch.le                3048  20092.8242  2562394.3771  4,783,073,859  335,858,155,805
torch.le_2              8463  20719.2866  3718192.3651  5,337,998,781  487,351,046,700
torch.lu_solve             1      0.0016      0.0016           420           420
torch.mm                 338  10660.1468  540893.7593  2,910,432,652  225,330,699,403
torch.nn.AvgPool2d_5     349     18.2004    322.5327     3,841,778    84,550,000
torch.nn.AvgPool2d_6     557     10.5174    368.4814     2,061,608    51,965,550
torch.nn.AvgPool2d_8     126     18.2444    213.2812     3,232,137    33,432,800
